55 12 49 00 00 00 00 00 00 00 00 00 00 00 00 00 00 00 00 00 00 00 00 00 00 00

55 92 49 00 a0 00 c0 fe e0 bb 63 00 02 20 00 00 04 40 00 01 10 80 00 02 60 19 10 //otx bind

55 12 49 00 3e 8d 79 cc 63 1e f3 97 03 10 80 00 04 20 00 01 08 40 00 02 10 80 00 //latest

55 12 49 00 a0 00 c0 fe e0 3b 63 00 02 20 00 00 04 40 00 01 10 80 00 02 60 19 10 //otx

55 12 80 00 90 5b 3e 33 be 10 80 00 02 20 00 00 04 40 00 01 10 80 00 02 20 00 er9x

55 92 49 00 e0 03 40 ff f4 a7 0c 00 02 20 00 00 04 40 00 01 10 80 00 02 60 19 10

55 12 49 00 00 04 40 00 01 10 80 00 02 20 00 00 04 40 00 01 10 80 00 02 20 00 10
55 06 01 06 82 73 3e 06 1b 10 80 00 02 20 00 00 04 40 00 01 10 80 00 02 20 00 er9
